5576448
5576453
5576458
5576463
5576468
5576473
5576479
5576484
5576489
5576494
5576499
5576504
5576510
5576515
5576520
5576525
5576530
5576536
5576541
5576546
5576551
5576556
5576561
5576567
5576572
5576577
5576582
5576587
5576592
5576598
5576603
5576608
5576613
5576619
5576624
5576629
5576634
5576639
5576644
5576650
5576655
5576660
5576665
5576670
5576676
5576681
5576686
5576691
5576696
5576701
5576707
5576712
5576717
5576722
5576728
5576733
5576738
5576743
5576748
5576753
5576759
5576764
5576769
5576774
5576779
5576784
5576790
5576795
5576800
5576805
5576810
5576815
5576821
5576826
5576831
5576836
5576841
5576846
5576852
5576857
5576862
5576867
5576872
5576877
5576883
5576888
5576893
5576898
5576903
5576909
5576914
5576919
5576924
5576929
5576934
5576940
5576945
5576950
5576955
5576960
5576965
5576971
5576976
5576981
5576986
5576991
5576996
5577002
5577007
5577012
5577017
5577022
5577027
5577033
5577038
5577043
5577048
5577053
5577058
5577064
5577069
5577074
5577079
5577084
5577089
5577095
5577100
5577105
5577110
5577115
5577120
5577126
5577131
5577136
5577141
5577146
5577152
5577157
5577162
5577167
5577172
5577177
5577183
5577188
5577193
5577198
5577203
5577208
5577214
5577219
5577224
5577229
5577234
5577239
5577245
5577250
5577255
5577260
5577265
5577270
5577276
5577281
5577286
5577291
5577296
5577301
5577307
5577313
5577319
5577324
5577329
5577334
5577339
5577344
5577350
5577355
5577360
5577365
5577370
5577375
5577381
5577386
5577391
5577396
5577401
5577406
5577412
5577417
5577422
5577427
5577432
5577437
5577443
5577448
5577453
5577458
5577463
5577469
5577474
5577479
5577484
5577489
5577494
5577500
5577505
5577510
5577515
5577520
5577525
5577531
5577536
5577541
5577546
5577551
5577556
5577562
5577567
5577572
5577577
5577582
5577587
5577593
5577598
5577603
5577608
5577613
5577618
5577624
5577629
5577634
5577639
5577644
5577649
5577655
5577660
5577665
5577670
5577675
5577681
5577686
5577691
5577696
5577701
5577706
5577712
5577717
5577722
5577727
5577732
5577737
5577743
5577748
5577753
5577758
5577763
5577768
5577774
5577779
5577784
5577789
5577794
5577799
5577805
5577810
5577815
5577820
5577825
5577830
5577836
5577841
5577846
5577851
5577856
5577861
5577867
5577872
5577877
5577882
5577887
5577892
5577898
5577903
5577908
5577913
5577918
5577924
5577929
5577934
5577939
5577944
5577949
5577955
5577960
5577965
5577970
5577975
5577980
5577986
5577991
5577996
5578001
5578006
5578011
5578017
5578022
5578027
5578032
5578037
5578042
5578048
5578053
5578058
5578063
5578068
5578073
5578079
5578084
5578089
5578094
5578099
5578104
5578110
5578115
5578120
5578125
5578130
5578135
5578141
5578146
5578151
5578156
5578161
5578167
5578172
5578177
5578182
5578187
5578192
5578198
5578203
5578208
5578213
5578218
5578223
5578229
5578234
5578239
5578244
5578249
5578254
5578260
5578265
5578270
5578275
5578280
5578285
5578291
5578296
5578301
5578306
5578311
5578318
5578323
5578328
5578334
5578339
5578344
5578349
5578354
5578359
5578365
5578370
5578375
5578380
5578385
5578390
5578396
5578401
5578406
5578411
5578416
5578421
5578427
5578432
5578437
5578442
5578447
5578452
5578458
5578463
5578468
5578473
5578479
5578484
5578489
5578494
5578499
5578505
5578510
5578515
5578520
5578525
5578530
5578536
5578541
5578546
5578551
5578556
5578561
5578567
5578572
5578577
5578582
5578587
5578592
5578598
5578603
5578608
5578613
5578618
5578623
5578629
5578634
5578639
5578644
5578649
5578655
5578660
5578665
5578670
5578675
5578681
5578686
5578691
5578696
5578701
5578707
5578712
5578717
5578722
5578727
5578732
5578738
5578743
5578748
5578753
5578758
5578763
5578769
5578774
5578779
5578784
5578789
5578794
5578800
5578805
5578810
5578815
5578820
5578825
5578831
5578836
5578841
5578846
5578851
5578856
5578862
5578867
5578872
5578877
5578882
5578887
5578893
5578898
5578903
5578908
5578913
5578919
5578924
5578929
5578934
5578939
5578944
5578950
5578955
5578960
5578965
5578970
5578975
5578981
5578986
5578991
5578996
5579001
5579006
5579012
5579017
5579022
5579027
5579032
5579037
5579043
5579048
5579053
5579058
5579063
5579068
5579074
5579079
5579084
5579089
5579094
5579099
5579105
5579110
5579115
5579120
5579125
5579131
5579136
5579141
5579146
5579151
5579156
5579162
5579167
5579172
5579177
5579182
5579187
5579193
5579198
5579203
5579208
5579213
5579218
5579224
5579229
5579234
5579239
5579244
5579249
5579255
5579260
5579265
5579270
5579275
5579280
5579286
5579291
5579296
5579301
5579306
5579311
5579318
5579323
5579329
5579334
5579339
5579344
5579349
5579354
5579360
5579365
5579370
5579375
5579380
5579385
5579391
5579396
5579401
5579406
5579411
5579416
5579422
5579427
5579432
5579437
5579442
5579448
5579453
5579458
5579463
5579468
5579473
5579479
5579484
5579489
5579494
5579499
5579504
5579510
5579515
5579520
5579525
5579530
5579535
5579541
5579546
5579551
5579556
5579561
5579566
5579572
5579577
5579582
5579587
5579592
5579597
5579603
5579608
5579613
5579618
5579623
5579628
5579634
5579639
5579644
5579649
5579654
5579659
5579665
5579670
5579675
5579680
5579685
5579691
5579696
5579701
5579706
5579712
5579717
5579722
5579727
5579732
5579737
5579743
5579748
5579753
5579758
5579763
5579768
5579774
5579779
5579784
5579789
5579794
5579799
5579805
5579810
5579815
5579820
5579825
5579830
5579836
5579841
5579846
5579851
5579856
5579861
5579867
5579872
5579877
5579882
5579887
5579892
5579898
5579903
5579908
5579913
5579918
5579924
5579929
5579934
5579939
5579945
5579950
5579955
5579960
5579965
5579970
5579976
5579981
5579986
5579991
5579996
5580001
5580007
5580012
5580017
5580022
5580027
5580032
5580038
5580043
5580048
5580053
5580058
5580063
5580069
5580074
5580079
5580084
5580089
5580094
5580100
5580105
5580110
5580115
5580120
5580125
5580131
5580136
5580141
5580146
5580151
5580156
5580162
5580167
5580172
5580177
5580182
5580188
5580193
5580198
5580203
5580208
5580213
5580219
5580224
5580229
5580234
5580239
5580244
5580250
5580255
5580260
5580265
5580270
5580275
5580281
5580286
5580291
5580296
5580301
5580306
5580312
5580318
5580324
5580329
5580334
5580339
5580344
5580349
5580355
5580360
5580365
5580370
5580375
5580380
5580386
5580391
5580396
5580401
5580406
5580411
5580417
5580422
5580427
5580432
5580437
5580442
5580448
5580453
5580458
5580463
5580468
5580474
5580479
5580484
5580489
5580494
5580499
5580505
5580510
5580515
5580520
5580525
5580530
5580536
5580541
5580546
5580551
5580556
5580561
5580567
5580572
5580577
5580582
5580587
5580592
5580598
5580603
5580608
5580613
5580618
5580623
5580629
5580634
5580639
5580644
5580649
5580654
5580660
5580665
5580670
5580675
5580680
5580685
5580691
5580696
5580701
5580706
5580711
5580717
5580722
5580727
5580732
5580737
5580742
5580748
5580753
5580758
5580763
5580768
5580773
5580779
5580784
5580789
5580794
5580799
5580804
5580810
5580815
5580820
5580825
5580830
5580835
5580841
5580846
5580851
5580856
5580861
5580866
5580872
5580877
5580882
5580887
5580892
5580897
5580903
5580908
5580913
5580918
5580923
5580928
5580934
5580939
5580944
5580949
5580954
5580960
5580965
5580970
5580975
5580980
5580985
5580991
5580996
5581001
5581006
5581011
5581016
5581022
5581027
5581032
5581037
5581042
5581047
5581053
5581058
5581063
5581068
5581073
5581078
5581084
5581089
5581094
5581099
5581104
5581109
5581115
5581120
5581125
5581130
5581135
5581140
5581146
5581151
5581156
5581161
5581166
5581171
5581177
5581182
5581187
5581192
5581197
5581203
5581208
5581213
5581218
5581223
5581228
5581234
5581239
5581244
5581249
5581254
5581259
5581265
5581270
5581275
5581280
5581285
5581290
5581296
5581301
5581306
5581311
5581318
5581323
5581328
5581333
5581339
5581344
5581349
5581354
5581359
5581364
5581370
5581375
5581380
5581385
5581390
5581395
5581401
5581406
5581411
5581416
5581421
5581426
5581432
5581437
5581442
5581447
5581452
5581457
5581463
5581468
5581473
5581478
5581483
5581488
5581494
5581499
5581504
5581509
5581514
5581519
5581525
5581530
5581535
5581540
5581545
5581551
5581556
5581561
5581566
5581571
5581576
5581582
5581587
5581592
5581597
5581602
5581607
5581613
5581618
5581623
5581628
5581633
5581638
5581644
5581649
5581654
5581659
5581664
5581669
5581675
5581680
5581685
5581690
5581695
5581700
5581706
5581711
5581716
5581721
5581726
5581731
5581737
5581742
5581747
5581752
5581757
5581762
5581768
5581773
5581778
5581783
5581788
5581794
5581799
5581804
5581809
5581814
5581819
5581825
5581830
5581835
5581840
5581845
5581850
5581856
5581861
5581866
5581871
5581876
5581881
5581887
5581892
5581897
5581902
5581907
5581912
5581918
5581923
5581928
5581933
5581938
5581943
5581949
5581954
5581959
5581964
5581969
5581974
5581980
5581985
5581990
5581995
5582000
5582005
5582011
5582016
5582021
5582026
5582031
5582037
5582042
5582047
5582052
5582057
5582062
5582068
5582073
5582078
5582083
5582088
5582093
5582099
5582104
5582109
5582114
5582119
5582124
5582130
5582135
5582140
5582145
5582150
5582155
5582161
5582166
5582171
5582176
5582181
5582186
5582192
5582197
5582202
5582207
5582212
5582217
5582223
5582228
5582233
5582238
5582243
5582249
5582254
5582259
5582264
5582269
5582274
5582280
5582285
5582290
5582295
5582300
5582305
5582311
5582316
5582322
5582328
5582333
5582338
5582343
5582348
5582353
5582359
5582364
5582369
5582374
5582379
5582385
5582390
5582395
5582400
5582405
5582410
5582416
5582421
5582426
5582431
5582436
5582441
5582447
5582452
5582457
5582462
5582467
5582472
5582478
5582483
5582488
5582493
5582498
5582503
5582509
5582514
5582519
5582524
5582529
5582534
5582540
5582545
5582550
5582555
5582560
5582565
5582571
5582576
5582581
5582586
5582591
5582596
5582602
5582607
5582612
5582617
5582622
5582628
5582633
5582638
5582643
5582648
5582653
5582659
5582664
5582669
5582674
5582679
5582684
5582690
5582695
5582700
5582705
5582710
5582715
5582721
5582726
5582731
5582736
5582741
5582746
5582752
5582757
5582762
5582767
5582772
5582777
5582783
5582788
5582793
5582798
5582803
5582808
5582814
5582819
5582824
5582829
5582834
5582839
5582845
5582850
5582855
5582860
5582865
5582871
5582876
5582881
5582886
5582891
5582896
5582902
5582907
5582912
5582917
5582922
5582927
5582933
5582938
5582943
5582948
5582953
5582958
5582964
5582969
5582974
5582979
5582984
5582989
5582995
5583000
5583005
5583010
5583015
5583020
5583026
5583031
5583036
5583041
5583046
5583051
5583057
5583062
5583067
5583072
5583077
5583082
5583088
5583093
5583098
5583103
5583108
5583114
5583119
5583124
5583129
5583134
5583139
5583145
5583150
5583155
5583160
5583165
5583170
5583176
5583181
5583186
5583191
5583196
5583201
5583207
5583212
5583217
5583222
5583227
5583232
5583238
5583243
5583248
5583253
5583258
5583263
5583269
5583274
5583279
5583284
5583289
5583294
5583300
5583305
5583310
5583315
5583322
5583327
5583332
5583337
5583343
5583348
5583353
5583358
5583363
5583368
5583374
5583379
5583384
5583389
5583394
5583399
5583405
5583410
5583415
5583420
5583425
5583430
5583436
5583441
5583446
5583451
5583456
5583462
5583467
5583472
5583477
5583482
5583487
5583493
5583498
5583503
5583508
5583513
5583518
5583524
5583529
5583534
5583539
5583544
5583549
5583555
5583560
5583565
5583570
5583575
5583580
5583586
5583591
5583596
5583601
5583606
5583611
5583617
5583622
5583627
5583632
5583637
5583642
5583648
5583653
5583658
5583663
5583668
5583673
5583679
5583684
5583689
5583694
5583699
5583705
5583710
5583715
5583720
5583725
5583730
5583736
5583741
5583746
5583751
5583756
5583761
5583767
5583772
5583777
5583782
5583787
5583792
5583798
5583803
5583808
5583813
5583818
5583823
5583829
5583834
5583839
5583844
5583849
5583854
5583860
5583865
5583870
5583875
5583880
5583885
5583891
5583896
5583901
